0.000000000000000000e+00 1.729999999999999949e-13
2.000000000000000042e-02 2.901999999999999953e-12
4.000000000000000083e-02 4.732000000000000436e-12
5.999999999999999778e-02 7.794999999999998996e-12
8.000000000000000167e-02 9.599000000000000599e-12
1.000000000000000056e-01 1.244199999999999889e-11
1.199999999999999956e-01 1.562299999999999997e-11
1.399999999999999856e-01 1.927299999999999835e-11
1.600000000000000311e-01 2.302799999999999922e-11
1.800000000000000211e-01 2.764999999999999951e-11
2.000000000000000111e-01 3.339100000000000262e-11
2.200000000000000289e-01 3.884299999999999837e-11
2.399999999999999911e-01 4.501999999999999679e-11
2.600000000000000089e-01 5.296699999999999918e-11
2.799999999999999711e-01 6.120300000000000568e-11
3.000000000000000444e-01 7.098099999999999249e-11
3.200000000000000622e-01 8.241599999999998971e-11
3.400000000000000244e-01 9.451000000000000502e-11
3.600000000000000422e-01 1.079299999999999959e-10
3.800000000000000044e-01 1.232430000000000055e-10
4.000000000000000222e-01 1.409149999999999988e-10
4.200000000000000400e-01 1.580200000000000137e-10
4.400000000000000577e-01 1.785940000000000090e-10
4.599999999999999645e-01 2.024500000000000350e-10
4.799999999999999822e-01 2.275490000000000225e-10
5.000000000000000000e-01 7.696799999999999898e-05
5.200000000000000178e-01 8.273700000000000423e-05
5.400000000000000355e-01 8.320999999999999783e-05
5.599999999999999423e-01 8.954900000000000609e-05
5.799999999999999600e-01 9.512900000000000349e-05
6.000000000000000888e-01 9.858900000000001441e-05
6.200000000000001066e-01 1.000000000000000048e-04
6.400000000000001243e-01 1.000010000000000070e-04
6.600000000000000311e-01 1.000000000000000048e-04
6.800000000000000488e-01 1.000010000000000070e-04
7.000000000000000666e-01 9.999900000000001615e-05
7.200000000000000844e-01 1.000000000000000048e-04
7.400000000000001021e-01 9.999900000000001615e-05
7.600000000000000089e-01 1.000000000000000048e-04
7.800000000000000266e-01 1.000000000000000048e-04
8.000000000000000444e-01 9.999900000000001615e-05
8.199999999999999512e-01 1.000000000000000048e-04
8.400000000000000799e-01 1.000000000000000048e-04
8.599999999999999867e-01 1.000000000000000048e-04
8.800000000000001155e-01 1.000000000000000048e-04
8.800000000000001155e-01 9.999900000000001615e-05
8.599999999999999867e-01 1.000000000000000048e-04
8.400000000000000799e-01 1.000010000000000070e-04
8.199999999999999512e-01 1.000000000000000048e-04
8.000000000000000444e-01 1.000010000000000070e-04
7.800000000000000266e-01 9.999900000000001615e-05
7.600000000000000089e-01 1.000010000000000070e-04
7.400000000000001021e-01 1.000000000000000048e-04
7.200000000000000844e-01 1.000000000000000048e-04
7.000000000000000666e-01 1.000000000000000048e-04
6.800000000000000488e-01 1.000010000000000070e-04
6.600000000000000311e-01 9.999900000000001615e-05
6.400000000000001243e-01 1.000010000000000070e-04
6.200000000000001066e-01 1.000000000000000048e-04
6.000000000000000888e-01 1.000010000000000070e-04
5.799999999999999600e-01 9.905500000000000622e-05
5.599999999999999423e-01 9.542500000000001556e-05
5.400000000000000355e-01 9.179600000000001354e-05
5.200000000000000178e-01 8.879400000000001755e-05
5.000000000000000000e-01 8.448800000000000830e-05
4.799999999999999822e-01 8.064600000000001357e-05
4.599999999999999645e-01 7.785199999999999933e-05
4.400000000000000577e-01 7.442700000000001094e-05
4.200000000000000400e-01 7.114200000000000428e-05
4.000000000000000222e-01 6.771900000000000673e-05
3.800000000000000044e-01 6.437199999999999964e-05
3.600000000000000422e-01 6.102200000000000630e-05
3.400000000000000244e-01 5.756100000000000675e-05
3.200000000000000622e-01 5.409900000000000499e-05
3.000000000000000444e-01 5.081300000000000291e-05
2.799999999999999711e-01 4.726700000000000671e-05
2.600000000000000089e-01 4.386500000000000100e-05
2.399999999999999911e-01 4.043900000000000364e-05
2.200000000000000289e-01 3.708400000000000612e-05
2.000000000000000111e-01 3.363799999999999879e-05
1.800000000000000211e-01 3.026300000000000146e-05
1.600000000000000311e-01 2.693000000000000135e-05
1.399999999999999856e-01 2.358200000000000224e-05
1.199999999999999956e-01 2.019000000000000151e-05
1.000000000000000056e-01 1.684700000000000319e-05
8.000000000000000167e-02 1.328600000000000121e-05
5.999999999999999778e-02 9.980339999999999383e-06
4.000000000000000083e-02 6.672240000000000512e-06
2.000000000000000042e-02 3.360619999999999767e-06
0.000000000000000000e+00 4.779769999999999925e-08
0.000000000000000000e+00 5.081489999999999665e-08
-2.000000000000000042e-02 -2.804159999999999932e-06
-4.000000000000000083e-02 -5.600360000000000367e-06
-5.999999999999999778e-02 -8.414640000000000127e-06
-8.000000000000000167e-02 -1.012726000000000102e-05
-1.000000000000000056e-01 -1.150300000000000150e-05
-1.199999999999999956e-01 -1.687200000000000000e-11
-1.399999999999999856e-01 -2.053299999999999904e-11
-1.600000000000000311e-01 -2.497299999999999870e-11
-1.800000000000000211e-01 -3.033300000000000010e-11
-2.000000000000000111e-01 -3.661200000000000111e-11
-2.200000000000000289e-01 -4.344599999999999400e-11
-2.399999999999999911e-01 -5.201500000000000081e-11
-2.600000000000000089e-01 -6.091899999999999922e-11
-2.799999999999999711e-01 -7.195099999999999018e-11
-3.000000000000000444e-01 -8.547199999999999446e-11
-3.200000000000000622e-01 -1.024049999999999943e-10
-3.400000000000000244e-01 -1.165489999999999922e-10
-3.600000000000000422e-01 -1.366800000000000129e-10
-3.800000000000000044e-01 -1.613250000000000090e-10
-4.000000000000000222e-01 -1.836260000000000078e-10
-4.200000000000000400e-01 -2.182270000000000055e-10
-4.400000000000000577e-01 -2.478509999999999850e-10
-4.599999999999999645e-01 -3.016900000000000201e-10
-4.799999999999999822e-01 -3.438729999999999974e-10
-5.000000000000000000e-01 -4.020069999999999643e-10
-5.200000000000000178e-01 -4.416730000000000629e-10
-5.400000000000000355e-01 -8.677099999999999949e-10
-5.599999999999999423e-01 -1.169429999999999962e-09
-5.799999999999999600e-01 -1.659910000000000113e-09
-5.799999999999999600e-01 -7.326810000000000055e-10
-5.599999999999999423e-01 -6.095230000000000054e-10
-5.400000000000000355e-01 -5.439849999999999573e-10
-5.200000000000000178e-01 -4.648279999999999690e-10
-5.000000000000000000e-01 -4.377379999999999622e-10
-4.799999999999999822e-01 -4.004520000000000664e-10
-4.599999999999999645e-01 -3.487740000000000097e-10
-4.400000000000000577e-01 -2.847020000000000266e-10
-4.200000000000000400e-01 -2.877530000000000402e-10
-4.000000000000000222e-01 -1.993970000000000043e-10
-3.800000000000000044e-01 -1.677450000000000241e-10
-3.600000000000000422e-01 -1.420080000000000177e-10
-3.400000000000000244e-01 -1.199070000000000027e-10
-3.200000000000000622e-01 -1.048030000000000025e-10
-3.000000000000000444e-01 -8.468799999999998972e-11
-2.799999999999999711e-01 -7.029999999999999247e-11
-2.600000000000000089e-01 -5.766099999999999351e-11
-2.399999999999999911e-01 -4.785699999999999692e-11
-2.200000000000000289e-01 -3.912799999999999403e-11
-2.000000000000000111e-01 -3.135600000000000008e-11
-1.800000000000000211e-01 -2.452199999999999749e-11
-1.600000000000000311e-01 -1.937399999999999883e-11
-1.399999999999999856e-01 -1.465599999999999894e-11
-1.199999999999999956e-01 -1.059999999999999926e-11
-1.000000000000000056e-01 -7.003999999999999640e-12
-8.000000000000000167e-02 -4.941000000000000050e-12
-5.999999999999999778e-02 -1.297999999999999922e-12
-4.000000000000000083e-02 7.100000000000000039e-14
-2.000000000000000042e-02 2.588999999999999974e-12
0.000000000000000000e+00 3.560999999999999872e-12
